# Google Leetcode Questions

1
1526
1768
2663
2667
56
88
2
1757
3318
200
3028
3024
9
13
42
121
4
3
5
15
50
70
169
359
2458
55
118
253
347
632
670
962
1405
7
11
26
162
207
394
496
695
939
1825
14
31
49
53
73
84
102
134
146
410
443
584
715
796
528
994
1101
1277
2235
3163
17
18
20
25
27
28
37
45
69
72
75
124
206
211
225
238
239
242
269
278
300
332
341
380
567
595
746
703
704
876
921
1004
1233
1480
1593
1942
1963
2938
6
16
19
24
29
33
43
46
48
51
54
57
61
68
74
76
83
85
98
100
101
104
122
123
125
127
136
141
148
152
166
179
189
191
202
204
215
221
228
230
235
261
310
322
328
354
366
387
392
412
414
442
446
525
543
552
560
605
681
735
709
743
818
973
974
977
981
986
987
1046
550
1106
1143
1249
2263
1348
1661
1696
1845
2006
2018
2035
2044
2284
2463
2641
2684
2877
3319
3326
